:Product: Daily Geomagnetic Data     quar_DGD.txt
:Issued: 0330 UT 24 Jun 2026
#
#  Prepared by the U.S. Dept. of Commerce, NOAA, Space Weather Prediction Center
#  Please send comment and suggestions to SWPC.Webmaster@noaa.gov
#
#             Current Quarter Daily Geomagnetic Data
#
#
#                Middle Latitude        High Latitude            Estimated
#              - Fredericksburg -     ---- College ----      --- Planetary ---
#  Date        A     K-indices        A     K-indices        A     K-indices
2026 04 01     8  3 1 1 2 3 2 2 2     8  2 2 0 2 4 2 1 1     9   3.00  1.33  1.33  1.67  3.00  2.00  1.67  2.33
2026 04 02    30  4 3 5 5 5 4 3 3    64  5 4 5 5 7 7 5 3    43   4.67  4.00  5.33  5.00  5.00  5.67  4.67  3.67
2026 04 03    25  4 3 4 3 3 5 4 4    63  3 4 6 5 4 7 7 4    49   4.00  3.67  5.00  4.00  3.67  6.67  5.67  5.67
2026 04 04    12  4 3 2 2 2 2 3 2    24  3 4 5 5 2 3 3 3    16   4.67  3.67  2.67  2.67  1.33  1.67  3.67  2.33
2026 04 05     8  3 3 2 2 2 2 1 1    26  2 2 4 6 5 4 2 1    12   3.67  3.00  3.00  3.00  2.33  2.33  1.33  1.00
2026 04 06     6  0 2 2 2 2 2 2 2    13  1 2 3 4 4 3 2 1    10   1.33  3.00  2.33  2.00  2.67  2.33  2.33  2.67
2026 04 07     7  3 2 2 0 2 2 2 2     6  2 2 3 0 2 2 0 2     9   3.33  2.00  2.00  1.00  1.67  2.33  2.00  3.00
2026 04 08     6  1 2 1 2 3 1 2 1    18  2 1 1 6 4 3 1 2     7   2.33  2.00  1.00  2.33  2.00  1.67  2.33  1.67
2026 04 09     6  1 1 2 1 2 2 2 2    20  1 1 3 2 5 5 4 2     7   1.67  1.00  2.00  1.33  2.00  2.33  1.67  2.33
2026 04 10    16  4 3 3 2 4 3 3 2    28  3 3 3 3 6 5 4 2    18   4.00  2.67  2.67  2.00  4.33  4.00  3.33  2.00
2026 04 11    10  1 4 3 3 2 2 1 1    23  2 4 4 6 3 3 1 2    12   2.00  4.00  3.33  3.33  2.00  1.67  1.67  1.33
2026 04 12     7  2 2 2 2 2 1 2 2    23  3 2 3 6 5 1 2 2     8   2.33  2.33  2.33  2.33  2.33  1.33  1.67  2.33
2026 04 13     3  0 1 1 1 1 1 1 1     2  0 1 0 1 0 0 1 1     3   0.67  1.00  1.00  1.00  0.33  1.00  0.33  0.67
2026 04 14     2  1 0 0 1 1 1 1 0     3  0 0 0 3 2 1 0 0     4   2.00  0.33  0.33  1.33  1.00  1.33  0.33  0.33
2026 04 15     3  0 1 1 1 1 1 1 1     1  0 0 0 0 0 1 1 1     4   0.67  1.33  1.33  0.67  0.67  1.67  1.00  1.67
2026 04 16     3  0 1 1 1 2 0 1 1     0  0 1 0 0 0 0 0 0     3   0.67  1.00  1.00  0.67  0.67  0.33  1.00  0.67
2026 04 17     3  0 0 0 1 2 1 2 2     3  0 0 0 2 0 0 2 2     4   0.67  0.67  0.33  1.00  0.33  0.67  1.67  2.33
2026 04 18    24  3 4 5 5 3 2 3 3    52  2 6 7 6 5 4 3 3    33   3.33  5.00  5.67  5.00  3.67  3.00  3.67  4.00
2026 04 19    16  3 4 5 3 2 2 1 1    41  4 4 7 6 4 3 2 2    23   3.67  4.67  5.67  3.67  2.67  2.67  2.00  1.67
2026 04 20    13  1 2 3 3 3 3 3 3    37  1 2 6 5 5 5 5 3    24   0.67  2.33  4.00  3.67  3.33  4.67  5.00  3.67
2026 04 21    14  3 4 2 2 3 3 3 2    29  4 4 3 3 6 5 3 2    19   4.67  4.33  2.33  2.00  3.33  4.00  3.00  2.00
2026 04 22     4  1 1 0 2 2 1 2 1     5  2 2 1 2 2 1 1 1     5   1.67  1.00  0.67  1.67  1.67  0.67  1.67  1.67
2026 04 23     7  2 2 2 2 2 1 2 2    10  2 3 3 3 2 2 1 2     7   2.33  3.00  2.33  1.67  1.33  1.33  1.00  1.67
2026 04 24     8  2 1 2 1 3 1 2 3     6  2 1 2 2 2 2 1 2     9   2.67  1.33  2.33  1.33  1.67  1.33  3.00  3.33
2026 04 25     7  3 1 1 1 2 1 2 3     6  2 2 1 1 1 2 2 2     9   3.33  1.33  1.33  0.67  1.33  1.67  3.00  3.33
2026 04 26    13  3 3 2 4 2 1 3 3    18  2 3 3 6 2 2 2 2    14   2.67  3.67  2.67  3.67  1.67  1.00  2.67  3.33
2026 04 27     6  2 2 1 1 3 1 1 1     5  3 2 0 2 1 1 1 1     6   3.00  2.00  1.00  1.33  1.67  1.67  0.67  1.00
2026 04 28     3  0 0 0 1 2 2 2 0     1  0 1 0 0 0 0 2 0     3   0.67  0.67  0.67  0.67  1.33  0.67  1.33  0.33
2026 04 29     6  0 1 1 2 3 1 2 2     2  0 0 0 0 2 1 1 1     4   0.33  0.67  1.00  1.00  1.67  0.67  1.67  1.67
2026 04 30    12  2 1 1 2 3 3 3 4    17  2 2 2 3 4 4 3 4    15   2.33  2.00  1.33  1.67  2.67  2.67  4.00  4.67
2026 05 01    10  3 4 2 2 2 2 2 1    20  4 4 5 4 2 2 2 2    14   4.00  4.33  3.00  1.67  1.00  2.00  3.00  1.67
2026 05 02     6  2 1 1 2 2 2 1 2    10  3 2 1 4 3 1 1 2     7   2.67  1.33  1.00  2.00  1.67  1.00  1.67  2.67
2026 05 03     8  3 2 2 1 3 2 1 1    12  3 2 3 1 3 4 2 2     8   3.33  2.33  2.67  1.00  1.67  2.33  1.33  1.00
2026 05 04    16  2 3 2 3 3 4-1 4    26  2 2 2 4 3 6 5 3    26   2.00  2.33  2.00  2.67  2.67  4.00  6.33  4.67
2026 05 05    11  4 3 3 1 2 2 2 1    15  5 4 4 2 1 1 1 0    12   5.00  3.33  2.00  1.00  1.33  1.00  1.67  1.00
2026 05 06     4  1 1 1 1 2 2 1 1     0  0 0 0 0 0 0 1 0     3   0.67  0.67  0.67  1.00  0.67  0.67  0.67  1.00
2026 05 07     6  0 0 0 1 2 3 3 2     4  1 1 1 0 0 3 2 1     7   0.67  0.67  0.33  0.67  0.67  3.33  3.33  2.33
2026 05 08    12  2 2 2 3 4 3 1 3    12  2 1 1 3 4 4 2 1    12   2.67  2.00  2.00  3.00  3.00  3.33  2.00  2.67
2026 05 09     5  2 2 1 2 2 1 1 1     6  2 2 1 4 1 1 0 0     5   2.33  1.33  1.00  1.67  1.33  1.33  1.00  0.67
2026 05 10     4  0 1 2 1 2 1 2 1     4  0 1 1 3 0 1 1 1     5   0.33  1.33  1.67  1.00  1.33  1.33  1.67  1.33
2026 05 11     4  1 1 1 1 2 1 1 1     4  2 2 1 1 1 2 1 0     5   2.00  1.67  1.00  1.00  1.67  1.33  1.00  1.00
2026 05 12     2  0 0 1 1 1 1 1 1     2  0 1 1 0 1 0 1 0     4   0.67  1.00  1.00  0.33  1.00  1.00  1.00  1.00
2026 05 13     9  0 1 2 2 3 2 3 3     9  0 2 0 2 3 4 2 2    10   1.00  1.67  1.67  1.67  3.00  2.67  3.33  3.00
2026 05 14     5  2 2 2 1 2 1 1 1     5  3 2 1 0 1 1 1 1     5   2.67  1.67  1.67  0.67  1.33  0.67  0.67  1.33
2026 05 15    22  2 2 3 3 4 4 4 5    36  2 2 3 4 6 6 4 5    35   2.33  1.67  3.00  3.33  5.00  5.33  4.33  6.33
2026 05 16    19  4 4 4 3 3 3 3 2    60  5 6 7 6 4 6 3 2    34   5.67  5.33  4.67  3.67  2.33  4.67  3.67  3.33
2026 05 17     7  2 2 2 2 2 2 2 2    17  2 3 2 5 4 3 2 2     8   2.00  2.33  2.00  2.33  2.33  2.00  2.33  2.00
2026 05 18     8  2 2 2 2 3 1 2 2    19  2 3 3 4 5 4 2 2     9   2.33  2.33  2.33  2.00  2.67  2.00  2.33  2.67
2026 05 19    18  1 3 3 3 5 4 3 2    47  3 3 6 6 6 6 3 2    19   1.67  3.00  3.67  4.00  4.00  4.00  3.00  2.67
2026 05 20     8  3 3 2 1 2 1 1 2    11  4 4 2 1 1 1 2 2     8   3.00  2.67  2.00  1.00  1.67  0.67  1.00  2.33
2026 05 21     6  2 2 1 1 2 1 2 2    10  3 3 2 2 4 1 1 1     7   3.00  2.33  1.00  1.33  2.00  1.00  2.00  1.67
2026 05 22     5  1 2 1 2 2 1 1 2     9  2 2 2 5 0 0 1 1     6   1.33  1.67  1.67  1.67  0.67  0.67  0.67  2.67
2026 05 23     4  0 1 1 1 2 2 2 1     2  1 2 1 0 0 0 0 0     3   1.00  1.00  1.33  0.67  0.67  0.33  0.33  0.67
2026 05 24     7  1 1 1 2 3 2 2 2     3  1 1 1 1 2 0 1 1     6   1.00  1.00  1.33  1.33  2.00  1.33  2.00  2.00
2026 05 25     8  3 2 1 2 3 1 2 2    10  3 2 2 3 3 2 2 2     8   2.67  1.67  1.67  2.00  2.00  2.00  2.00  2.67
2026 05 26     7  2 1 1 2 2 1 2 3     6  3 1 1 1 1 1 1 3     8   2.33  1.33  1.33  1.00  1.00  1.00  2.33  3.67
2026 05 27    12  3 3 3 1 2 3 2 3    12  3 3 4 2 1 3 2 2    11   2.33  2.33  3.00  1.67  1.33  3.00  2.67  3.33
2026 05 28    13  2 3 3 2 3 3 3 3    16  2 3 3 3 3 5 2 2    13   2.00  2.33  2.67  2.67  2.67  3.67  3.00  3.33
2026 05 29    16  3 4 2 3 3 3 3 3    27  2 3 2 4 6 5 4 2    15   2.67  3.00  2.33  2.33  3.00  3.33  4.00  3.33
2026 05 30    13  3 3 1 2 2 3 3 4    14  4 4 2 1 2 2 3 3    15   3.33  3.00  1.33  1.67  2.00  2.33  4.33  4.00
2026 05 31     8  3 2 2 1 3 2 1 1    13  4 4 2 1 3 3 1 2    11   3.67  3.00  2.00  1.67  2.67  2.00  1.67  2.33
2026 06 01     9  2 1 2 1 3 3 3 1    23  2 1 3 3 5 6 3 1     9   2.00  1.00  1.67  1.67  2.67  3.33  3.00  1.33
2026 06 02     7  3 1 1 1 2 2 2 2     7  2 3 2 2 2 1 1 1     7   2.33  1.67  1.67  1.33  1.67  1.00  2.33  2.00
2026 06 03    11  3 2 1 2 2 3 3 3     9  4 3 2 1 1 1 2 2    10   3.00  2.33  1.67  2.33  1.67  2.33  2.33  3.33
2026 06 04     7  3 2 1 2 2 2 1 2     6  3 3 1 0 2 1 1 1     6   2.67  2.67  1.00  1.00  1.67  1.00  0.67  1.67
2026 06 05    24  1 4 2 2 4 5 5 4    41  1 3 2 4 6 7 4 4    36   1.33  3.33  2.00  2.33  5.33  6.33  5.00  5.00
2026 06 06    19  5 3 4 3 3 2 2 3    31  4 4 4 6 5 4 1 2    17   4.33  3.67  4.00  3.00  3.33  2.33  1.67  2.33
2026 06 07     8  2 2 2 3 2 2 1 2    23  3 2 2 6 3 5 2 2     8   2.67  2.00  2.00  2.67  1.67  2.00  0.67  2.00
2026 06 08     9  1 3 3 2 3 1 1 2    19  3 3 5 4 4 2 2 1     8   1.33  2.33  2.67  3.00  2.33  1.33  1.33  2.00
2026 06 09    10  2 2 1 2 3 3 2 3    15  2 2 2 2 4 5 2 2    11   2.00  2.33  1.67  2.00  2.67  3.33  3.33  2.67
2026 06 10     7  2 1 1 3 2 2 2 2    18  2 2 2 4 6 2 1 1     7   2.00  1.33  1.33  2.67  2.67  1.33  1.33  1.67
2026 06 11    16  2 2 3 3 3 3 4 4    22  1 3 4 6 3 1 3 3    18   1.33  2.33  3.00  3.33  2.33  2.33  5.00  4.33
2026 06 12    13  3 3 3 3 3 2 2 3    30  4 5 5 4 5 4 2 2    16   3.33  3.67  3.67  3.33  3.00  2.00  2.00  3.00
2026 06 13    15  3 3 3 2 3 3 4 2    27  3 4 3 5 5 5 2 2    13   3.00  3.00  2.67  2.67  2.67  2.33  3.67  2.33
2026 06 14    -1 -1-1-1-1-1-1-1-1     9  2 2 2 4 2 2 2 1     6   2.33  2.00  1.33  2.00  1.67  1.67  1.33  1.33
2026 06 15     6  2 1 1 2 2 2 2 2     2  2 1 0 1 0 0 1 1     6   2.00  1.67  1.33  1.67  1.00  0.67  1.67  2.00
2026 06 16     6  2 1 1 2 2 2 2 1     5  2 1 1 2 2 2 1 0     6   2.00  1.33  1.00  1.33  2.00  2.33  2.00  1.00
2026 06 17     7  2 1 3 2 2 2 1 2    15  1 2 2 5 5 1 0 1     6   1.67  1.33  2.00  2.33  2.33  1.33  0.33  1.00
2026 06 18     7  2 2 1 2 3 2 1 2     5  2 1 1 2 1 2 1 2     6   2.00  1.67  0.67  1.33  1.00  1.33  1.00  2.67
2026 06 19     9  2 2 1 3 3 2 2 2    10  3 3 1 4 1 1 1 2     7   3.00  2.33  0.67  2.33  1.67  1.00  1.00  2.00
2026 06 20     8  3 2 2 2 2 2 2 1    10  2 3 2 2 4 1 2 1     7   2.67  2.00  2.00  1.67  2.00  1.67  1.67  1.67
2026 06 21     7  1 2 1 1 3 1 3 1     3  2 2 1 0 0 1 1 1     5   1.33  1.67  1.00  1.00  1.33  1.00  1.33  1.00
2026 06 22     5  1 1 1 2 2 1 2 2     5  1 1 0 3 2 0 2 2     5   1.33  1.00  1.00  1.67  1.33  0.67  2.00  2.00
2026 06 23     8  1 0 1 2 3 3 3 2     8  1 1 0 2 4 3 2 1     7   1.00  0.33  0.67  2.00  2.33  2.67  2.67  1.00
2026 06 24    -1  2-1-1-1-1-1-1-1    -1  2-1-1-1-1-1-1-1     7   2.33 -1.00 -1.00 -1.00 -1.00 -1.00 -1.00 -1.00
