:Product: Daily Solar Data            DSD.txt
:Issued: 1425 UT 23 Jun 2026
#
#  Prepared by the U.S. Dept. of Commerce, NOAA, Space Weather Prediction Center
#  Please send comments and suggestions to SWPC.Webmaster@noaa.gov
#
#                Last 30 Days Daily Solar Data
#
#                         Sunspot       Stanford GOES15
#           Radio  SESC     Area          Solar  X-Ray  ------ Flares ------
#           Flux  Sunspot  10E-6   New     Mean  Bkgd    X-Ray      Optical
#  Date     10.7cm Number  Hemis. Regions Field  Flux   C  M  X  S  1  2  3
#--------------------------------------------------------------------------- 
2026 05 24  133     86      710      1    -999      *   4  0  0  2  0  0  0
2026 05 25  139    132      845      4    -999      *   2  0  0  3  0  0  0
2026 05 26  141    148      885      1    -999      *   8  0  0  1  0  0  0
2026 05 27  142    165     1325      3    -999      *   3  0  0  1  0  0  0
2026 05 28  145    161     1095      0    -999      *   4  0  0  3  0  0  0
2026 05 29  148    135      990      0    -999      *   6  1  0  5  0  0  0
2026 05 30  142    133      850      2    -999      *   8  0  0  2  2  0  0
2026 05 31  136    110      830      0    -999      *  13  0  0 12  0  0  0
2026 06 01  132    146      675      2    -999      *   1  0  0  4  0  0  0
2026 06 02  146    133      745      3    -999      *  12  3  0 11  1  1  0
2026 06 03  147    141      920      0    -999      *  10  2  1  8  2  0  0
2026 06 04  148    157      885      0    -999      *   8  0  0  2  0  0  0
2026 06 05  141    145      760      1    -999      *  11  0  0  5  0  0  0
2026 06 06  138    139      860      1    -999      *   5  1  0  7  0  1  0
2026 06 07  134    124      630      0    -999      *  19  0  0  9  0  0  0
2026 06 08  131    119      570      1    -999      *   8  0  0  3  0  0  0
2026 06 09  130    120      760      1    -999      *  18  0  0  6  1  0  0
2026 06 10  124    114      615      1    -999      *   4  0  0  1  0  0  0
2026 06 11  127     81      485      0    -999      *   9  0  0  1  1  0  0
2026 06 12  128    113      430      0    -999      *   3  0  0  2  0  0  0
2026 06 13  122     41      350      0    -999      *   3  0  0  1  0  0  0
2026 06 14  128     61      320      1    -999      *   3  0  0  2  0  0  0
2026 06 15  117     78      330      1    -999      *   5  0  0  0  0  0  0
2026 06 16  113     76      260      1    -999      *   2  0  0  1  0  0  0
2026 06 17  111     50      180      0    -999      *   3  0  0  3  0  0  0
2026 06 18  111     46      190      1    -999      *   3  0  0  3  0  0  0
2026 06 19  111     55      280      1    -999      *   1  0  0  0  1  0  0
2026 06 20  113     73      530      1    -999      *   5  2  0  4  0  0  0
2026 06 21  128     53      280      0    -999      *   4  2  0  3  0  1  0
2026 06 22  122     81      315      2    -999      *   1  0  0  1  0  0  0
