:Product: Daily Geomagnetic Data          DGD.txt
:Issued: 1830 UT 23 Jun 2026
#
#  Prepared by the U.S. Dept. of Commerce, NOAA, Space Weather Prediction Center
#  Please send comment and suggestions to SWPC.Webmaster@noaa.gov
#
#               Last 30 Days Daily Geomagnetic Data
#
#
#                Middle Latitude        High Latitude            Estimated
#              - Fredericksburg -     ---- College ----      --- Planetary ---
#  Date        A     K-indices        A     K-indices        A     K-indices
2026 05 25     8  3 2 1 2 3 1 2 2    10  3 2 2 3 3 2 2 2     8   2.67  1.67  1.67  2.00  2.00  2.00  2.00  2.67
2026 05 26     7  2 1 1 2 2 1 2 3     6  3 1 1 1 1 1 1 3     8   2.33  1.33  1.33  1.00  1.00  1.00  2.33  3.67
2026 05 27    12  3 3 3 1 2 3 2 3    12  3 3 4 2 1 3 2 2    11   2.33  2.33  3.00  1.67  1.33  3.00  2.67  3.33
2026 05 28    13  2 3 3 2 3 3 3 3    16  2 3 3 3 3 5 2 2    13   2.00  2.33  2.67  2.67  2.67  3.67  3.00  3.33
2026 05 29    16  3 4 2 3 3 3 3 3    27  2 3 2 4 6 5 4 2    15   2.67  3.00  2.33  2.33  3.00  3.33  4.00  3.33
2026 05 30    13  3 3 1 2 2 3 3 4    14  4 4 2 1 2 2 3 3    15   3.33  3.00  1.33  1.67  2.00  2.33  4.33  4.00
2026 05 31     8  3 2 2 1 3 2 1 1    13  4 4 2 1 3 3 1 2    11   3.67  3.00  2.00  1.67  2.67  2.00  1.67  2.33
2026 06 01     9  2 1 2 1 3 3 3 1    23  2 1 3 3 5 6 3 1     9   2.00  1.00  1.67  1.67  2.67  3.33  3.00  1.33
2026 06 02     7  3 1 1 1 2 2 2 2     7  2 3 2 2 2 1 1 1     7   2.33  1.67  1.67  1.33  1.67  1.00  2.33  2.00
2026 06 03    11  3 2 1 2 2 3 3 3     9  4 3 2 1 1 1 2 2    10   3.00  2.33  1.67  2.33  1.67  2.33  2.33  3.33
2026 06 04     7  3 2 1 2 2 2 1 2     6  3 3 1 0 2 1 1 1     6   2.67  2.67  1.00  1.00  1.67  1.00  0.67  1.67
2026 06 05    24  1 4 2 2 4 5 5 4    41  1 3 2 4 6 7 4 4    36   1.33  3.33  2.00  2.33  5.33  6.33  5.00  5.00
2026 06 06    19  5 3 4 3 3 2 2 3    31  4 4 4 6 5 4 1 2    17   4.33  3.67  4.00  3.00  3.33  2.33  1.67  2.33
2026 06 07     8  2 2 2 3 2 2 1 2    23  3 2 2 6 3 5 2 2     8   2.67  2.00  2.00  2.67  1.67  2.00  0.67  2.00
2026 06 08     9  1 3 3 2 3 1 1 2    19  3 3 5 4 4 2 2 1     8   1.33  2.33  2.67  3.00  2.33  1.33  1.33  2.00
2026 06 09    10  2 2 1 2 3 3 2 3    15  2 2 2 2 4 5 2 2    11   2.00  2.33  1.67  2.00  2.67  3.33  3.33  2.67
2026 06 10     7  2 1 1 3 2 2 2 2    18  2 2 2 4 6 2 1 1     7   2.00  1.33  1.33  2.67  2.67  1.33  1.33  1.67
2026 06 11    16  2 2 3 3 3 3 4 4    22  1 3 4 6 3 1 3 3    18   1.33  2.33  3.00  3.33  2.33  2.33  5.00  4.33
2026 06 12    13  3 3 3 3 3 2 2 3    30  4 5 5 4 5 4 2 2    16   3.33  3.67  3.67  3.33  3.00  2.00  2.00  3.00
2026 06 13    15  3 3 3 2 3 3 4 2    27  3 4 3 5 5 5 2 2    13   3.00  3.00  2.67  2.67  2.67  2.33  3.67  2.33
2026 06 14    -1 -1-1-1-1-1-1-1-1     9  2 2 2 4 2 2 2 1     6   2.33  2.00  1.33  2.00  1.67  1.67  1.33  1.33
2026 06 15     6  2 1 1 2 2 2 2 2     2  2 1 0 1 0 0 1 1     6   2.00  1.67  1.33  1.67  1.00  0.67  1.67  2.00
2026 06 16     6  2 1 1 2 2 2 2 1     5  2 1 1 2 2 2 1 0     6   2.00  1.33  1.00  1.33  2.00  2.33  2.00  1.00
2026 06 17     7  2 1 3 2 2 2 1 2    15  1 2 2 5 5 1 0 1     6   1.67  1.33  2.00  2.33  2.33  1.33  0.33  1.00
2026 06 18     7  2 2 1 2 3 2 1 2     5  2 1 1 2 1 2 1 2     6   2.00  1.67  0.67  1.33  1.00  1.33  1.00  2.67
2026 06 19     9  2 2 1 3 3 2 2 2    10  3 3 1 4 1 1 1 2     7   3.00  2.33  0.67  2.33  1.67  1.00  1.00  2.00
2026 06 20     8  3 2 2 2 2 2 2 1    10  2 3 2 2 4 1 2 1     7   2.67  2.00  2.00  1.67  2.00  1.67  1.67  1.67
2026 06 21     7  1 2 1 1 3 1 3 1     3  2 2 1 0 0 1 1 1     5   1.33  1.67  1.00  1.00  1.33  1.00  1.33  1.00
2026 06 22     5  1 1 1 2 2 1 2 2     5  1 1 0 3 2 0 2 2     5   1.33  1.00  1.00  1.67  1.33  0.67  2.00  2.00
2026 06 23    -1  1 0 1 2 3 3-1-1    -1  1 1 0 2 4 3-1-1     6   1.00  0.33  0.67  2.00  2.33  2.67 -1.00 -1.00
